00100001000000000000000002890000000010000000005000000000210000
00100001000000000000000003510000000000001000005000000000000021
00100001000000000000000003520000000000001000005000000000000021
00100001000000000000000003530000000000011000005000000000000231
00100001000000000000000003540000000000011000005000000000000231
00100001000000000000000003550000000000011000005000000000000231
00100001000000000000000003560000000000011000005000000000000231
00100001000000000000000003570000000000012000005000000000000252
00100001000000000000000003590000000000010000005000000000000210
00100001000000000000000003590000000000010000005000000000000210
00100001000000000000000003600000000000010000005000000000000210
00100001000000000000000003610000000000010000005000000000000210
00100001000000000000000003620000000000010000005000000000000210
00100001000000000000000003690000000000010000005000000000000210
00100001000000000000000003700000000000010000005000000000000210
00100001000000000000000003770000000000010000005000000000000210
00100001000000000000000003780000000000010000005000000000000210
00300001000000000000000000300000000007204000005000000000151284
00300001000000000000000000310000000083752000005000000001758792
00300001000000000000000000320000000033732600005000000000708396
00300001000000000000000000330000000000960000005000000000020160
00300001000000000000000000340000000024000000005000000000504000
00300001000000000000000000350000000024000000005000000000504000
00300001000000000000000000360000000003800000005000000000079800
00300001000000000000000000370000000003800000005000000000079800
00300001000000000000000000380000000189544000005000000003980424
00300001000000000000000000390000000005000000005000000000105000
00300001000000000000000003810000000000100000005000000000002100
00300001000000000000000000390000000000010000005000000000000210
00300001000000000000000000430000000000100000005000000000002100
00300001000000000000000000440000000000030000005000000000000630
00300001000000000000000000450000000000020000005000000000000420
